[gd_scene load_steps=37 format=3 uid="uid://cxen2x3qhr0vy"]

[ext_resource type="Texture2D" uid="uid://ddscp3b6mfe7o" path="res://AllSkyFree_Sky_EpicBlueSunset_Equirect.png" id="1_gophc"]
[ext_resource type="PackedScene" uid="uid://cc1m2a1obsyn4" path="res://addons/fpc/character.tscn" id="1_ots34"]
[ext_resource type="PackedScene" uid="uid://bvuo8bqt0xajj" path="res://Grave.glb" id="2_1n0d2"]
[ext_resource type="PackedScene" uid="uid://8c4xexc4yvx5" path="res://Wall.glb" id="2_y5hus"]
[ext_resource type="PackedScene" uid="uid://6j8phxnvv6lx" path="res://Gate.glb" id="3_y5hus"]
[ext_resource type="PackedScene" uid="uid://1tdfnphte2ba" path="res://Pedestal.glb" id="5_4a3qj"]
[ext_resource type="PackedScene" uid="uid://c3lev2w4v8oeg" path="res://Low Building.glb" id="6_g38d0"]
[ext_resource type="PackedScene" uid="uid://beol8pikkhgc1" path="res://angel_statue.tscn" id="7_g38d0"]
[ext_resource type="PackedScene" uid="uid://bgef6o6pj5lww" path="res://Stone Wall Towers.glb" id="8_pob1m"]
[ext_resource type="PackedScene" uid="uid://bvxq4we7xegx3" path="res://Bus stop sign.glb" id="10_da165"]
[ext_resource type="PackedScene" uid="uid://uw0b2hapsp7c" path="res://Bridge (1).glb" id="11_r8ukj"]
[ext_resource type="PackedScene" uid="uid://cavvxxhln54gn" path="res://zastávka.tscn" id="12_r8ukj"]
[ext_resource type="PackedScene" uid="uid://c056ejwtrgyrg" path="res://Arch.glb" id="13_1colc"]
[ext_resource type="PackedScene" uid="uid://5peu1nguqrx7" path="res://rytir.tscn" id="14_hwiky"]
[ext_resource type="PackedScene" uid="uid://donagxcbkcpnp" path="res://spawner.tscn" id="15_mhwaj"]
[ext_resource type="PackedScene" uid="uid://d4jhhdlowduop" path="res://lucisnik.tscn" id="16_3iev3"]
[ext_resource type="PackedScene" uid="uid://bjrw0xgd1b8gp" path="res://sip.tscn" id="17_3iev3"]
[ext_resource type="Shader" uid="uid://bugeewnpc4ha2" path="res://shader.gdshader" id="18_wvlwx"]
[ext_resource type="PackedScene" uid="uid://cgqnipqlrf15c" path="res://vlak.tscn" id="19_r34np"]

[sub_resource type="PanoramaSkyMaterial" id="PanoramaSkyMaterial_p0nl4"]
panorama = ExtResource("1_gophc")
energy_multiplier = 0.8

[sub_resource type="Sky" id="Sky_da165"]
sky_material = SubResource("PanoramaSkyMaterial_p0nl4")

[sub_resource type="Environment" id="Environment_r8ukj"]
background_mode = 2
sky = SubResource("Sky_da165")
tonemap_mode = 2
glow_enabled = true
glow_intensity = 1.93

[sub_resource type="BoxShape3D" id="BoxShape3D_oiuna"]
size = Vector3(2.001831, 3.1200562, 0.40148926)

[sub_resource type="BoxShape3D" id="BoxShape3D_y5hus"]
size = Vector3(1.9211426, 2.0656128, 0.25073242)

[sub_resource type="CylinderShape3D" id="CylinderShape3D_oiuna"]
height = 3.265625
radius = 0.3955078

[sub_resource type="BoxShape3D" id="BoxShape3D_1n0d2"]
size = Vector3(0.5961914, 4.5876007, 1)

[sub_resource type="CylinderShape3D" id="CylinderShape3D_4a3qj"]
height = 2.2348633
radius = 0.8432617

[sub_resource type="BoxShape3D" id="BoxShape3D_pob1m"]
size = Vector3(1.9194336, 0.37075806, 0.23852539)

[sub_resource type="BoxShape3D" id="BoxShape3D_da165"]
size = Vector3(1196.9238, 57.290894, 186.00607)

[sub_resource type="BoxShape3D" id="BoxShape3D_r8ukj"]
size = Vector3(4.1267395, 0.36376953, 0.9517822)

[sub_resource type="BoxShape3D" id="BoxShape3D_1colc"]
size = Vector3(1.8597679, 0.82910156, 0.095214844)

[sub_resource type="BoxShape3D" id="BoxShape3D_hwiky"]
size = Vector3(0.11526489, 1.0830078, 0.33347392)

[sub_resource type="BoxShape3D" id="BoxShape3D_r34np"]
size = Vector3(4.3440094, 0.20742798, 0.3626709)

[sub_resource type="BoxShape3D" id="BoxShape3D_aj1oh"]
size = Vector3(4.0681076, 0.9239502, 0.16711426)

[sub_resource type="BoxShape3D" id="BoxShape3D_33vth"]
size = Vector3(4.191101, 1, 0.13842773)

[sub_resource type="ShaderMaterial" id="ShaderMaterial_r34np"]
shader = ExtResource("18_wvlwx")
shader_parameter/pixel_size = 3.0
shader_parameter/vhs_intensity = 3.0
shader_parameter/noise_intensity = 0.15
shader_parameter/opacity = 0.5

[node name="Node3D" type="Node3D"]
transform = Transform3D(1, 0, 0, 0, 0.9977362, 0.06724906, 0, -0.06724906, 0.9977362, 0, 0, 0)

[node name="WorldEnvironment" type="WorldEnvironment" parent="."]
environment = SubResource("Environment_r8ukj")

[node name="main Character" parent="." instance=ExtResource("1_ots34")]
transform = Transform3D(-4.37114e-08, 0, -1, 0, 1, 0, 1, 0, -4.37114e-08, 0, 166.93745, 11.795664)
jump_velocity = 15.0
in_air_momentum = false

[node name="DirectionalLight3D" type="DirectionalLight3D" parent="."]
transform = Transform3D(0.9078277, 0.41933638, 0.0024718274, -0.025429223, 0.0491666, 0.99846697, 0.41857195, -0.90649873, 0.055298194, 0, 115.00883, 7.751785)
light_color = Color(0.84951717, 0.95475286, 0.99708384, 1)
light_energy = 0.288
shadow_enabled = true
shadow_normal_bias = 10.0
shadow_opacity = 0.75

[node name="start block" type="CSGBox3D" parent="."]
transform = Transform3D(1, 0, 0, 0, 0.99886894, -0.047507033, 0, 0.047507033, 0.99886894, -0.30486298, -0.06484536, 0.6440809)
use_collision = true
size = Vector3(9.951263, 1, 10.762268)

[node name="CSGSphere3D" type="CSGSphere3D" parent="start block"]
transform = Transform3D(1.8398763, 0, 0, 0, 0.98652375, -1.8626451e-08, 0, 1.3038516e-08, 1.637165, 0, 0.57444525, -0.22783193)
operation = 2
radius = 0.78208804

[node name="CSGBox3D" type="CSGBox3D" parent="start block"]
transform = Transform3D(0.10793276, -0.8767139, 0.46874636, -0.5708043, 0.33138952, 0.7512423, -0.8139619, -0.34864554, -0.4646662, -0.92648137, 0.9995254, 0.96746963)
operation = 2
size = Vector3(1.6723633, 1.4543457, 1)

[node name="CSGBox3D2" type="CSGBox3D" parent="start block"]
transform = Transform3D(0.6816053, 0.69253004, 0.236255, -0.5953169, 0.33710763, 0.72935385, 0.42545655, -0.6377779, 0.6420489, 0.52582264, 0.8341006, -1.1712844)
operation = 2
size = Vector3(1, 1.3901367, 1)

[node name="CSGBox3D" type="CSGBox3D" parent="."]
transform = Transform3D(-0.9990617, -0.011441827, -0.041769862, -0.015774023, 0.9943554, 0.1049058, 0.04033372, 0.10546641, -0.9936015, 9.659273, 0.7957623, -0.12319675)
use_collision = true
size = Vector3(3.6791992, 1.7387695, 3.075409)

[node name="CSGBox3D3" type="CSGBox3D" parent="."]
transform = Transform3D(0.004910495, 0.037916265, -0.999266, -0.080238916, 0.9960721, 0.03740069, 0.9967639, 0.079996474, 0.007933735, 49.390114, 3.0150707, 0.5403057)
use_collision = true
size = Vector3(3.6791992, 1.7387695, 7.747612)

[node name="CSGBox3D5" type="CSGBox3D" parent="."]
transform = Transform3D(0.99662006, -0.0043514664, 0.08203292, 0.004305481, 0.9999868, 0.00073797256, -0.08203517, -0.00038201362, 0.99662286, 24.511667, 0.7905928, 8.136951)
use_collision = true
size = Vector3(3.6791992, 1.7387695, 7.747612)

[node name="CSGCylinder3D2" type="CSGCylinder3D" parent="CSGBox3D5"]
transform = Transform3D(-0.0128821535, -0.9998931, -0.0066083446, 0.9996873, -0.0127366325, -0.021602768, 0.021515641, -0.006884724, 0.99975586, 0.064847946, 2.120452, 3.5081434)
radius = 0.123046875
height = 2.9575195

[node name="sloup divny4" parent="CSGBox3D5" instance=ExtResource("6_g38d0")]
transform = Transform3D(0.9977056, -0.0012210915, 0.06769286, 0.0058021783, 0.9977047, -0.067521095, -0.06745401, 0.067758866, 0.99542534, 1.4980412, 0.709132, 3.4418879)

[node name="sloup divny" parent="CSGBox3D5" instance=ExtResource("6_g38d0")]
transform = Transform3D(0.9998038, -0.0012210936, 0.019781448, 0.002558343, 0.99770457, -0.06772164, -0.019652776, 0.06775885, 0.9975148, -1.4040699, 0.70875305, 3.3951712)

[node name="Root Scene" parent="." instance=ExtResource("2_y5hus")]
transform = Transform3D(0.85365987, -0.38503304, -0.35073408, 0.51965183, 0.6749402, 0.523849, 0.03502539, -0.6294485, 0.77625257, 1.1286116, 0.21733193, -3.2244308)

[node name="StaticBody3D" type="StaticBody3D" parent="Root Scene"]

[node name="CollisionShape3D" type="CollisionShape3D" parent="Root Scene/StaticBody3D"]
transform = Transform3D(1, -3.3786017e-07, -4.8588713e-08, -5.890196e-06, 0.9999994, 0, 6.433493e-06, 1.1920929e-07, 0.9999999, -0.03775692, 0.4805386, -0.10642624)
shape = SubResource("BoxShape3D_oiuna")

[node name="Root Scene2" parent="." instance=ExtResource("2_y5hus")]
transform = Transform3D(0.034432128, -0.8978664, 0.4389194, 0.61060506, 0.36657834, 0.7019841, -0.7911858, 0.24383569, 0.5608642, -1.7665546, 0.0955672, -0.6168424)

[node name="StaticBody3D" type="StaticBody3D" parent="Root Scene2"]

[node name="CollisionShape3D" type="CollisionShape3D" parent="Root Scene2/StaticBody3D"]
transform = Transform3D(1.0000001, -1.2367964e-06, -8.046627e-07, 2.9802322e-08, 0.9999991, 3.501773e-07, -3.5762787e-07, 5.066395e-07, 0.99999917, 0.15642136, 1.0490943, -0.10379183)
shape = SubResource("BoxShape3D_y5hus")

[node name="Root Scene3" parent="." instance=ExtResource("2_y5hus")]
transform = Transform3D(0.9437821, -0.33046195, 0.008396233, 0.004926892, 0.03945785, 0.99920946, -0.3305319, -0.94299376, 0.038867656, 3.1392999, 0.7265948, -0.12881699)

[node name="Grave" parent="." instance=ExtResource("2_1n0d2")]
transform = Transform3D(1, 0, 0, 0, 0.9977362, -0.06724906, 0, 0.06724906, 0.9977362, 9.404954, 3.3727534, -0.07670991)

[node name="StaticBody3D" type="StaticBody3D" parent="Grave"]

[node name="CollisionShape3D" type="CollisionShape3D" parent="Grave/StaticBody3D"]
transform = Transform3D(1, 0, 0, 0, 1, 0, 0, 0, 1, 0, -0.25097656, 0)
shape = SubResource("CylinderShape3D_oiuna")

[node name="Gate" parent="." instance=ExtResource("3_y5hus")]
transform = Transform3D(-0.0002971041, 0, -0.0074116867, 0.00023205693, 0.0039766766, -4.2914457e-05, -0.0034428972, 0.00026803452, 0.0006366975, 4.2559342, 0.7134863, 0.33688974)

[node name="StaticBody3D" type="StaticBody3D" parent="Gate"]

[node name="CollisionShape3D" type="CollisionShape3D" parent="Gate/StaticBody3D"]
transform = Transform3D(-24.767609, 19.345009, -287.00882, 9.0427136e-08, 250.32697, 16.872587, -133.92911, -0.7754506, 11.504936, 460.624, 490.25732, 6.745056)
shape = SubResource("BoxShape3D_1n0d2")

[node name="CollisionShape3D2" type="CollisionShape3D" parent="Gate/StaticBody3D"]
transform = Transform3D(-24.767609, 19.345009, -287.0075, 9.0427136e-08, 250.32628, 16.872587, -133.92911, -0.77544844, 11.504879, -378.1576, 311.09003, 20.485718)
shape = SubResource("BoxShape3D_1n0d2")

[node name="Root Scene4" parent="." instance=ExtResource("5_4a3qj")]
transform = Transform3D(1, 0, 0, 0, 0.9977362, -0.06724906, 0, 0.06724906, 0.9977362, 24.308262, -0.14092898, 0.89075077)

[node name="StaticBody3D" type="StaticBody3D" parent="Root Scene4"]

[node name="CollisionShape3D" type="CollisionShape3D" parent="Root Scene4/StaticBody3D"]
transform = Transform3D(1, 0, 0, 0, 1, 0, 0, 0, 1, 0, 1.0740745, 0)
shape = SubResource("CylinderShape3D_4a3qj")

[node name="Root Scene5" parent="." instance=ExtResource("5_4a3qj")]
transform = Transform3D(1, 0, 0, 0, 0.9977362, -0.06724906, 0, 0.06724906, 0.9977362, 18.570316, 1.6475985, -0.12468208)

[node name="StaticBody3D" type="StaticBody3D" parent="Root Scene5"]

[node name="CollisionShape3D" type="CollisionShape3D" parent="Root Scene5/StaticBody3D"]
transform = Transform3D(1, 0, 0, 0, 1, 0, 0, 0, 1, 0.004135132, 1.0740745, 0)
shape = SubResource("CylinderShape3D_4a3qj")

[node name="Root Scene6" parent="." instance=ExtResource("5_4a3qj")]
transform = Transform3D(1, 0, 0, 0, 0.9977362, -0.06724906, 0, 0.06724906, 0.9977362, 24.32872, 1.8967339, 1.0189922)

[node name="StaticBody3D" type="StaticBody3D" parent="Root Scene6"]

[node name="CollisionShape3D" type="CollisionShape3D" parent="Root Scene6/StaticBody3D"]
transform = Transform3D(1, 0, 0, 0, 1, 0, 0, 0, 1, 0, 1.0740745, 0)
shape = SubResource("CylinderShape3D_4a3qj")

[node name="CollisionShape3D2" type="CollisionShape3D" parent="Root Scene6/StaticBody3D"]
transform = Transform3D(1, 0, 0, 0, 1, 0, 0, 0, 1, 0, 1.0740745, 0)
shape = SubResource("CylinderShape3D_4a3qj")

[node name="Root Scene9" parent="." instance=ExtResource("5_4a3qj")]
transform = Transform3D(1, 0, 0, 0, 0.9977362, -0.06724906, 0, 0.06724906, 0.9977362, 82.83242, 10.221025, -0.60515743)

[node name="StaticBody3D" type="StaticBody3D" parent="Root Scene9"]

[node name="CollisionShape3D" type="CollisionShape3D" parent="Root Scene9/StaticBody3D"]
transform = Transform3D(1, 0, 0, 0, 1, 0, 0, 0, 1, 0, 1.0740745, 0)
shape = SubResource("CylinderShape3D_4a3qj")

[node name="CollisionShape3D2" type="CollisionShape3D" parent="Root Scene9/StaticBody3D"]
transform = Transform3D(1, 0, 0, 0, 1, 0, 0, 0, 1, 0, 1.0740745, 0)
shape = SubResource("CylinderShape3D_4a3qj")

[node name="Root Scene10" parent="." instance=ExtResource("5_4a3qj")]
transform = Transform3D(1, 0, 0, 0, 0.9977362, -0.06724906, 0, 0.06724906, 0.9977362, 82.83242, 12.334691, -0.4626928)

[node name="StaticBody3D" type="StaticBody3D" parent="Root Scene10"]

[node name="CollisionShape3D" type="CollisionShape3D" parent="Root Scene10/StaticBody3D"]
transform = Transform3D(1, 0, 0, 0, 1, 0, 0, 0, 1, 0, 1.0740745, 0)
shape = SubResource("CylinderShape3D_4a3qj")

[node name="CollisionShape3D2" type="CollisionShape3D" parent="Root Scene10/StaticBody3D"]
transform = Transform3D(1, 0, 0, 0, 1, 0, 0, 0, 1, 0, 1.0740745, 0)
shape = SubResource("CylinderShape3D_4a3qj")

[node name="AngelStatue2" parent="." instance=ExtResource("7_g38d0")]
transform = Transform3D(-0.03977215, 0, -0.57112616, -0.04763057, 0.76652217, 0.002156739, 0.70666784, 0.051664855, -0.03199832, 24.36536, 6.06348, 1.282413)

[node name="AngelStatue3" parent="." instance=ExtResource("7_g38d0")]
transform = Transform3D(-0.03977215, 0, -0.57112616, -0.04763057, 0.7665218, 0.0021567352, 0.70666784, 0.05166484, -0.031998284, 82.65389, 16.445238, -0.22836101)

[node name="tower wall" parent="." instance=ExtResource("8_pob1m")]
transform = Transform3D(10.891398, 0, 0, 0, 10.866743, -0.69941396, 0, 0.73243594, 10.376809, 20.55622, 1.229423, -18.240253)

[node name="StaticBody3D" type="StaticBody3D" parent="tower wall"]
transform = Transform3D(1, 0, 0, 0, 1, 8.881784e-16, 0, 3.5527137e-15, 1, 0.010986209, 0.19404602, 0.00451684)

[node name="CollisionShape3D" type="CollisionShape3D" parent="tower wall/StaticBody3D"]
transform = Transform3D(1, 0, 0, 0, 1, 0, 0, -3.5527137e-15, 1, 0, 0, 0)
shape = SubResource("BoxShape3D_pob1m")

[node name="Root Scene7" parent="." instance=ExtResource("8_pob1m")]
transform = Transform3D(10.891398, 0, 0, 0, 10.866743, -0.69941396, 0, 0.7324359, 10.376809, 21.017172, -1.1527032, 17.93641)

[node name="StaticBody3D" type="StaticBody3D" parent="Root Scene7"]
transform = Transform3D(1, 0, 0, 0, 1, 4.440892e-16, 0, -5.731021e-09, 1, 0, 0, 0)

[node name="CollisionShape3D" type="CollisionShape3D" parent="Root Scene7/StaticBody3D"]
transform = Transform3D(1, 0, 0, 0, 1, 0, 0, 5.7310174e-09, 1, 0.010986328, 0.19404602, 0.00451684)
shape = SubResource("BoxShape3D_pob1m")

[node name="CSGBox3D6" type="CSGBox3D" parent="."]
transform = Transform3D(-0.9994224, -0.0047826455, 0.033637196, -0.00019537937, 0.99082977, 0.1350649, -0.033977877, 0.13498053, -0.99025255, 23.628952, 1.5906465, -7.0294003)
use_collision = true
size = Vector3(3.6791992, 1.7387695, 7.747612)

[node name="CSGCylinder3D2" type="CSGCylinder3D" parent="CSGBox3D6"]
transform = Transform3D(-0.0128821535, -0.9998931, -0.0066083446, 0.9996873, -0.0127366325, -0.021602768, 0.021515641, -0.006884724, 0.99975586, 0.064847946, 2.120452, 3.5081434)
radius = 0.123046875
height = 2.9575195

[node name="sloup divny4" parent="CSGBox3D6" instance=ExtResource("6_g38d0")]
transform = Transform3D(0.9977056, -0.0012210915, 0.06769286, 0.0058021783, 0.9977047, -0.067521095, -0.06745401, 0.067758866, 0.99542534, 1.4980412, 0.709132, 3.4418879)

[node name="sloup divny" parent="CSGBox3D6" instance=ExtResource("6_g38d0")]
transform = Transform3D(0.9998038, -0.0012210936, 0.019781448, 0.002558343, 0.99770457, -0.06772164, -0.019652776, 0.06775885, 0.9975148, -1.4040699, 0.70875305, 3.3951712)

[node name="posina 1" type="CSGBox3D" parent="."]
transform = Transform3D(-0.5882347, -0.038267214, 0.80778193, 0.04138004, 0.9961453, 0.077323824, -0.80762476, 0.07891088, -0.5843832, 34.40154, 0.22064763, 7.9321275)
use_collision = true
size = Vector3(4.621826, 1.7387695, 11.0193)

[node name="posina 2" type="CSGBox3D" parent="."]
transform = Transform3D(-0.99906164, -0.011441791, -0.041769844, -0.015773978, 0.9943554, 0.10490581, 0.040333755, 0.10546638, -0.9936015, 40.065, 9.031749, 0.29132852)
use_collision = true
size = Vector3(3.6791992, 1.7387695, 7.747612)

[node name="posina 3" type="CSGBox3D" parent="."]
transform = Transform3D(-0.99906164, -0.011441791, -0.041769844, -0.015773978, 0.9943554, 0.10490581, 0.040333755, 0.10546638, -0.9936015, 18.071995, 0.8010754, -0.26343238)
use_collision = true
size = Vector3(3.6791992, 1.7387695, 7.747612)

[node name="posina4" type="CSGBox3D" parent="."]
transform = Transform3D(-0.99906164, -0.011441791, -0.041769844, -0.015773978, 0.9943554, 0.10490581, 0.040333755, 0.10546638, -0.9936015, 56.603485, 9.065938, 0.2936327)
use_collision = true
size = Vector3(3.6791992, 1.7387695, 7.747612)

[node name="posina 5" type="CSGBox3D" parent="."]
transform = Transform3D(-0.99906164, -0.011441791, -0.041769844, -0.015773978, 0.9943554, 0.10490581, 0.040333755, 0.10546638, -0.9936015, 18.071995, 0.8010754, -0.26343238)
use_collision = true
size = Vector3(3.6791992, 1.7387695, 7.747612)

[node name="posina 6" type="CSGBox3D" parent="."]
transform = Transform3D(-0.99906164, -0.011441791, -0.041769844, -0.015773978, 0.9943554, 0.10490581, 0.040333755, 0.10546638, -0.9936015, 18.071995, 0.8010754, -0.26343238)
use_collision = true
size = Vector3(3.6791992, 1.7387695, 7.747612)

[node name="posina 7" type="CSGBox3D" parent="."]
transform = Transform3D(-0.99906164, -0.011441791, -0.041769844, -0.015773978, 0.9943554, 0.10490581, 0.040333755, 0.10546638, -0.9936015, 18.071995, 0.8010754, -0.26343238)
use_collision = true
size = Vector3(3.6791992, 1.7387695, 7.747612)

[node name="posina 8" type="CSGBox3D" parent="."]
transform = Transform3D(-0.99906164, -0.011441791, -0.041769844, -0.015773978, 0.9943554, 0.10490581, 0.040333755, 0.10546638, -0.9936015, 18.071995, 0.8010754, -0.26343238)
use_collision = true
size = Vector3(3.6791992, 1.7387695, 7.747612)

[node name="posina 9" type="CSGBox3D" parent="."]
transform = Transform3D(-0.011559427, -0.03800074, 0.99920774, 0.054242756, 0.9977808, 0.03857391, -0.99845976, 0.054645516, -0.009472582, 81.68411, 9.200583, -0.5039975)
use_collision = true
size = Vector3(10.479614, 1.7387695, 7.969196)

[node name="posina 10" type="CSGBox3D" parent="."]
transform = Transform3D(-0.9988302, -0.011239452, -0.047031667, -0.014391204, 0.997633, 0.06721876, 0.046165027, 0.06781704, -0.99662596, 48.22581, 9.53559, -14.028865)
use_collision = true
size = Vector3(10.479614, 1.7387695, 5.1834984)

[node name="posina 11" type="CSGBox3D" parent="."]
transform = Transform3D(-0.9991023, -0.011479949, -0.04077646, -0.014403181, 0.99728936, 0.07213262, 0.039837983, 0.072655246, -0.99655753, 49.836365, 5.4595275, 15.697897)
use_collision = true
size = Vector3(10.479614, 1.7387695, 5.1834984)

[node name="posina 12" type="CSGBox3D" parent="."]
transform = Transform3D(-0.88693863, -0.029024053, 0.46097302, 0.018052729, 0.99508125, 0.097387105, -0.46153438, 0.09469834, -0.8820507, 34.51815, 1.1861308, -7.356463)
use_collision = true
size = Vector3(10.479614, 1.7387695, 5.1834984)

[node name="posina 13" type="CSGBox3D" parent="."]
transform = Transform3D(-0.88693863, -0.029024053, 0.46097302, 0.018052729, 0.99508125, 0.097387105, -0.46153438, 0.09469834, -0.8820507, 34.51815, 1.1861308, -7.356463)
use_collision = true
size = Vector3(10.479614, 1.7387695, 5.1834984)

[node name="koule2" type="CSGSphere3D" parent="."]
transform = Transform3D(-1, 0, 8.74228e-08, 0, 1, 0, -8.74228e-08, 0, -1, 107.247025, 49.23961, 19.072565)
use_collision = true
collision_layer = 2
collision_mask = 0
radius = 4.282033

[node name="koule3" type="CSGSphere3D" parent="."]
transform = Transform3D(-4.37114e-08, 0, -1, 0, 1, 0, 1, 0, -4.37114e-08, 70.31977, 8.139787, 6.1537223)
use_collision = true
collision_layer = 2
collision_mask = 0
radius = 1.4274968

[node name="Root Scene8" parent="." instance=ExtResource("10_da165")]
transform = Transform3D(0.2531335, 0, 0, 0, 0.24607724, -0.014822022, 0, 0.016585998, 0.21990567, 85.50601, 10.93862, -23.4993)

[node name="Bridge (1)" parent="." instance=ExtResource("11_r8ukj")]
transform = Transform3D(0.01790014, 0, 0, 0, 0.010793764, 0.0012928576, 0, 0.00072751765, -0.0191814, 68.37299, 6.9365134, -0.03228286)

[node name="StaticBody3D" type="StaticBody3D" parent="Bridge (1)"]
transform = Transform3D(0.9999999, -4.440892e-16, 0, 0, 0.9999999, 0, 0, 0, 0.9999999, 0, 0, 0)

[node name="CollisionShape3D" type="CollisionShape3D" parent="Bridge (1)/StaticBody3D"]
transform = Transform3D(1.0000001, 1.7763568e-15, 5.5879354e-09, 3.375078e-14, 1.0000001, -3.4080481e-12, -9.322539e-07, -8.6736174e-16, 1.0000002, -0.7706909, 247.24908, 3.7763672)
shape = SubResource("BoxShape3D_da165")

[node name="CollisionShape3D" type="CollisionShape3D" parent="Bridge (1)"]
transform = Transform3D(1.0000001, 1.7763568e-15, 5.5879354e-09, 3.375078e-14, 1.0000001, -3.4080481e-12, -9.322539e-07, -8.6736174e-16, 1.0000002, -0.7706909, 247.24908, 3.7763672)
shape = SubResource("BoxShape3D_da165")

[node name="Bridge (1)2" parent="." instance=ExtResource("11_r8ukj")]
transform = Transform3D(-0.000102472586, -1.7462298e-10, 0.019224608, -0.0012037476, 0.010793764, -7.401546e-06, 0.017859321, 0.0007275175, 0.00010980737, 83.29921, 6.3506675, 12.039395)

[node name="StaticBody3D" type="StaticBody3D" parent="Bridge (1)2"]
transform = Transform3D(0.9999999, -4.440892e-16, 0, 0, 0.9999999, 0, 0, 0, 0.9999999, 0, 0, 0)

[node name="CollisionShape3D" type="CollisionShape3D" parent="Bridge (1)2/StaticBody3D"]
transform = Transform3D(1.0000001, 1.7763568e-15, 5.5879354e-09, 3.375078e-14, 1.0000001, -3.4080481e-12, -9.322539e-07, -8.6736174e-16, 1.0000002, -0.7706909, 247.24908, 3.7763672)
shape = SubResource("BoxShape3D_da165")

[node name="Bridge (1)3" parent="." instance=ExtResource("11_r8ukj")]
transform = Transform3D(-0.00029865518, -1.1641532e-10, 0.019222246, -0.0012036, 0.010793764, -2.1571173e-05, 0.01785713, 0.00072751753, 0.00032003236, 82.95757, 8.098748, -13.89587)

[node name="StaticBody3D" type="StaticBody3D" parent="Bridge (1)3"]
transform = Transform3D(0.99999994, -4.440892e-16, 0, 0, 1, -1.0026702e-15, 0, -1.3877788e-17, 0.99999994, 0, 0, 0)

[node name="CollisionShape3D" type="CollisionShape3D" parent="Bridge (1)3/StaticBody3D"]
transform = Transform3D(1.0000001, 1.7763568e-15, 5.5879354e-09, 3.375078e-14, 1.0000001, -3.4080481e-12, -9.322539e-07, -8.6736174e-16, 1.0000002, -0.7706909, 247.24908, 3.7763672)
shape = SubResource("BoxShape3D_da165")

[node name="CSGBox3D7" type="CSGBox3D" parent="."]
transform = Transform3D(-0.053861275, -0.067725465, 0.9962381, 0.048725493, 0.99632573, 0.07036495, -0.9973588, 0.052332576, -0.050364252, 81.60494, 9.026326, -0.38178062)
use_collision = true
size = Vector3(5.9853516, 1.7387695, 8.483303)

[node name="CSGCylinder3D2" type="CSGCylinder3D" parent="CSGBox3D7"]
transform = Transform3D(-0.0128821535, -0.9998931, -0.0066083446, 0.9996873, -0.0127366325, -0.021602768, 0.021515641, -0.006884724, 0.99975586, 0.064847946, 2.120452, 3.5081434)
radius = 0.123046875
height = 2.9575195

[node name="sloup divny4" parent="CSGBox3D7" instance=ExtResource("6_g38d0")]
transform = Transform3D(0.9977056, -0.0012210915, 0.06769286, 0.0058021783, 0.9977047, -0.067521095, -0.06745401, 0.067758866, 0.99542534, 1.4980412, 0.709132, 3.4418879)

[node name="sloup divny" parent="CSGBox3D7" instance=ExtResource("6_g38d0")]
transform = Transform3D(0.9998038, -0.0012210936, 0.019781448, 0.002558343, 0.99770457, -0.06772164, -0.019652776, 0.06775885, 0.9975148, -1.4040699, 0.70875305, 3.3951712)

[node name="zastávka" parent="." instance=ExtResource("12_r8ukj")]
transform = Transform3D(6.954499, 0, 0, 0, 6.8412476, -0.31623513, 0, 0.46111134, 4.6918015, 85.76946, 11.51977, 31.430347)

[node name="StaticBody3D" type="StaticBody3D" parent="zastávka"]

[node name="CollisionShape3D" type="CollisionShape3D" parent="zastávka/StaticBody3D"]
transform = Transform3D(0.99997085, 1.110223e-16, -3.8929284e-07, 0, 1, 0, 1.8067658e-07, -3.907985e-14, 0.99999934, -0.07575703, -0.74845326, -1.4324517)
shape = SubResource("BoxShape3D_r8ukj")

[node name="CollisionShape3D2" type="CollisionShape3D" parent="zastávka/StaticBody3D"]
transform = Transform3D(0.99997073, 1.110223e-16, -3.9115548e-07, 0, 1, 0, 1.8253922e-07, -3.907985e-14, 0.99999934, -0.099770546, -0.74845326, 1.4212294)
shape = SubResource("BoxShape3D_r8ukj")

[node name="CollisionShape3D3" type="CollisionShape3D" parent="zastávka/StaticBody3D"]
transform = Transform3D(0.99998033, 1.110223e-16, -2.6077032e-07, 0, 1, 0, 1.2107193e-07, -3.907985e-14, 0.99999934, -0.027849197, -0.0854491, 1.7439203)
shape = SubResource("BoxShape3D_1colc")

[node name="CollisionShape3D4" type="CollisionShape3D" parent="zastávka/StaticBody3D"]
transform = Transform3D(0.99997497, 1.110223e-16, -3.3341348e-07, 0, 1, 0, 1.6018748e-07, -3.907985e-14, 0.99999934, -1.4485064, -0.0854491, -1.740047)
shape = SubResource("BoxShape3D_1colc")

[node name="CollisionShape3D5" type="CollisionShape3D" parent="zastávka/StaticBody3D"]
transform = Transform3D(0.9999703, 1.110223e-16, -3.9674342e-07, 0, 1, 0, 1.8253922e-07, -3.907985e-14, 0.99999934, 1.126544, -0.0854491, -1.6874251)
shape = SubResource("BoxShape3D_1colc")

[node name="CollisionShape3D6" type="CollisionShape3D" parent="zastávka/StaticBody3D"]
transform = Transform3D(0.99998486, 1.110223e-16, -1.9930303e-07, 0, 1, 0, 9.685755e-08, -3.907985e-14, 0.99999934, 0.2330246, 0, 1.6700048)
shape = SubResource("BoxShape3D_hwiky")

[node name="CollisionShape3D7" type="CollisionShape3D" parent="zastávka/StaticBody3D"]
transform = Transform3D(0.99998444, 1.110223e-16, -2.0489097e-07, 0, 1, 0, 1.0058284e-07, -3.907985e-14, 0.99999934, 1.7958498, 0, 1.6881094)
shape = SubResource("BoxShape3D_hwiky")

[node name="CollisionShape3D8" type="CollisionShape3D" parent="zastávka/StaticBody3D"]
transform = Transform3D(1.0000002, 1.1102233e-16, -2.0116572e-07, 0, 1.0000002, 0, 9.685755e-08, -4.0856207e-14, 0.9999994, 0.90396214, -0.15722668, 1.608069)
shape = SubResource("BoxShape3D_hwiky")

[node name="CollisionShape3D9" type="CollisionShape3D" parent="zastávka/StaticBody3D"]
transform = Transform3D(0.99998605, 1.1102233e-16, -2.0023437e-07, 0, 1.0000002, 0, 9.685755e-08, -4.0856207e-14, 0.9999994, -0.60591125, 0, 1.6298966)
shape = SubResource("BoxShape3D_hwiky")

[node name="CollisionShape3D10" type="CollisionShape3D" parent="zastávka/StaticBody3D"]
transform = Transform3D(0.99998486, 1.110223e-16, -1.9930303e-07, 0, 1, 0, 9.685755e-08, -3.907985e-14, 0.99999934, 0.2330246, 0, 1.6700048)
shape = SubResource("BoxShape3D_hwiky")

[node name="CollisionShape3D12" type="CollisionShape3D" parent="zastávka/StaticBody3D"]
transform = Transform3D(0.9999541, 3.330669e-16, -6.03497e-07, 0, 1, 0, 2.9057264e-07, -1.1723955e-13, 0.99999803, -1.6736012, 0, 1.6666374)
shape = SubResource("BoxShape3D_hwiky")

[node name="CollisionShape3D11" type="CollisionShape3D" parent="zastávka/StaticBody3D"]
transform = Transform3D(0.99996936, 2.7755576e-16, -3.9767474e-07, 0, 1, 0, 1.937151e-07, -9.947598e-14, 0.99999833, 0.57978535, 0, -1.6716156)
shape = SubResource("BoxShape3D_hwiky")

[node name="CollisionShape3D13" type="CollisionShape3D" parent="zastávka/StaticBody3D"]
transform = Transform3D(0.9999691, 1.110223e-16, -3.9767474e-07, 0, 1, 0, 1.937151e-07, -9.947598e-14, 0.99999833, -1.8243895, 0, -1.7158637)
shape = SubResource("BoxShape3D_hwiky")

[node name="CollisionShape3D14" type="CollisionShape3D" parent="zastávka/StaticBody3D"]
transform = Transform3D(0.99996924, 1.6653345e-16, -3.9767474e-07, 0, 1, 0, 1.937151e-07, -9.947598e-14, 0.99999833, -0.92226696, 0, -1.6992607)
shape = SubResource("BoxShape3D_hwiky")

[node name="CollisionShape3D15" type="CollisionShape3D" parent="zastávka/StaticBody3D"]
transform = Transform3D(0.9999693, 2.220446e-16, -3.9767474e-07, 0, 1, 0, 1.937151e-07, -9.947598e-14, 0.99999833, 1.6368809, 0, -1.6521602)
shape = SubResource("BoxShape3D_hwiky")

[node name="Root Scene" parent="zastávka/StaticBody3D" instance=ExtResource("13_1colc")]
transform = Transform3D(0.35040975, 0, 0, 0, 0.21041207, 0, 0, -1.3335114e-09, 0.21265525, -0.16173172, -0.5070473, -1.8657527)

[node name="CollisionShape3D19" type="CollisionShape3D" parent="zastávka/StaticBody3D"]
transform = Transform3D(0.9999761, 1.110223e-16, -3.1851232e-07, 0, 1, 0, 1.527369e-07, -3.907985e-14, 0.99999934, 0.10798836, 1.0047314, 1.2190199)
shape = SubResource("BoxShape3D_r34np")

[node name="CollisionShape3D20" type="CollisionShape3D" parent="zastávka/StaticBody3D"]
transform = Transform3D(0.9999762, 1.1102233e-16, -3.1851232e-07, 0, 1.0000002, 0, 1.527369e-07, -4.0412118e-14, 0.9999994, -0.14526081, 1.004732, -1.2360277)
shape = SubResource("BoxShape3D_r34np")

[node name="CollisionShape3D18" type="CollisionShape3D" parent="zastávka/StaticBody3D"]
transform = Transform3D(0.9999913, 0.0037425463, 0.0006925687, 0.0028136536, -0.60436165, -0.79668427, -0.0025628936, 0.79670143, -0.60437185, 0.116057396, 0.7600994, 1.7196064)
shape = SubResource("BoxShape3D_aj1oh")

[node name="CollisionShape3D21" type="CollisionShape3D" parent="zastávka/StaticBody3D"]
transform = Transform3D(1.0000002, 0.0037425826, 0.000692569, -0.0016246301, 0.58432794, -0.8115236, -0.0034417599, 0.8115096, 0.58430815, 0.00500679, 0.7549728, -1.6982851)
shape = SubResource("BoxShape3D_aj1oh")

[node name="CollisionShape3D" type="CollisionShape3D" parent="zastávka"]
transform = Transform3D(1.0000002, 0, 0, 0, 1.0000002, 0, 0, -3.1086245e-15, 1, -0.01706028, 0, 1.7485003)
shape = SubResource("BoxShape3D_33vth")

[node name="zastávka2" parent="." instance=ExtResource("12_r8ukj")]
transform = Transform3D(-6.9539614, 4.656613e-10, -0.058516543, -0.0058197808, 6.841245, 0.31621066, 0.086344786, 0.46111143, -4.6914387, 81.73788, 15.811159, -32.23856)

[node name="StaticBody3D" type="StaticBody3D" parent="zastávka2"]

[node name="CollisionShape3D" type="CollisionShape3D" parent="zastávka2/StaticBody3D"]
transform = Transform3D(0.99997085, 1.110223e-16, -3.8929284e-07, 0, 1, 0, 1.8067658e-07, -3.907985e-14, 0.99999934, -0.07575703, -0.74845326, -1.4324517)
shape = SubResource("BoxShape3D_r8ukj")

[node name="CollisionShape3D2" type="CollisionShape3D" parent="zastávka2/StaticBody3D"]
transform = Transform3D(0.99997073, 1.110223e-16, -3.9115548e-07, 0, 1, 0, 1.8253922e-07, -3.907985e-14, 0.99999934, -0.099770546, -0.74845326, 1.4212294)
shape = SubResource("BoxShape3D_r8ukj")

[node name="CollisionShape3D3" type="CollisionShape3D" parent="zastávka2/StaticBody3D"]
transform = Transform3D(0.99998033, 1.110223e-16, -2.6077032e-07, 0, 1, 0, 1.2107193e-07, -3.907985e-14, 0.99999934, -0.027849197, -0.0854491, 1.7439203)
shape = SubResource("BoxShape3D_1colc")

[node name="CollisionShape3D4" type="CollisionShape3D" parent="zastávka2/StaticBody3D"]
transform = Transform3D(0.99997497, 1.110223e-16, -3.3341348e-07, 0, 1, 0, 1.6018748e-07, -3.907985e-14, 0.99999934, -1.4485064, -0.0854491, -1.740047)
shape = SubResource("BoxShape3D_1colc")

[node name="CollisionShape3D5" type="CollisionShape3D" parent="zastávka2/StaticBody3D"]
transform = Transform3D(0.9999703, 1.110223e-16, -3.9674342e-07, 0, 1, 0, 1.8253922e-07, -3.907985e-14, 0.99999934, 1.126544, -0.0854491, -1.6874251)
shape = SubResource("BoxShape3D_1colc")

[node name="CollisionShape3D6" type="CollisionShape3D" parent="zastávka2/StaticBody3D"]
transform = Transform3D(0.99998486, 1.110223e-16, -1.9930303e-07, 0, 1, 0, 9.685755e-08, -3.907985e-14, 0.99999934, 0.2330246, 0, 1.6700048)
shape = SubResource("BoxShape3D_hwiky")

[node name="CollisionShape3D7" type="CollisionShape3D" parent="zastávka2/StaticBody3D"]
transform = Transform3D(0.99998444, 1.110223e-16, -2.0489097e-07, 0, 1, 0, 1.0058284e-07, -3.907985e-14, 0.99999934, 1.7958498, 0, 1.6881094)
shape = SubResource("BoxShape3D_hwiky")

[node name="CollisionShape3D8" type="CollisionShape3D" parent="zastávka2/StaticBody3D"]
transform = Transform3D(0.9999847, 1.110223e-16, -2.0116568e-07, 0, 1, 0, 9.685755e-08, -3.907985e-14, 0.99999934, 0.90396214, 0, 1.682353)
shape = SubResource("BoxShape3D_hwiky")

[node name="CollisionShape3D9" type="CollisionShape3D" parent="zastávka2/StaticBody3D"]
transform = Transform3D(0.9999848, 1.110223e-16, -2.0023435e-07, 0, 1, 0, 9.685755e-08, -3.907985e-14, 0.99999934, -0.60591125, 0, 1.6545649)
shape = SubResource("BoxShape3D_hwiky")

[node name="CollisionShape3D10" type="CollisionShape3D" parent="zastávka2/StaticBody3D"]
transform = Transform3D(0.99998486, 1.110223e-16, -1.9930303e-07, 0, 1, 0, 9.685755e-08, -3.907985e-14, 0.99999934, 0.2330246, 0, 1.6700048)
shape = SubResource("BoxShape3D_hwiky")

[node name="CollisionShape3D12" type="CollisionShape3D" parent="zastávka2/StaticBody3D"]
transform = Transform3D(0.9999541, 3.330669e-16, -6.03497e-07, 0, 1, 0, 2.9057264e-07, -1.1723955e-13, 0.99999803, -1.6736012, 0, 1.6666374)
shape = SubResource("BoxShape3D_hwiky")

[node name="CollisionShape3D11" type="CollisionShape3D" parent="zastávka2/StaticBody3D"]
transform = Transform3D(0.99996936, 2.7755576e-16, -3.9767474e-07, 0, 1, 0, 1.937151e-07, -9.947598e-14, 0.99999833, 0.57978535, 0, -1.6716156)
shape = SubResource("BoxShape3D_hwiky")

[node name="CollisionShape3D13" type="CollisionShape3D" parent="zastávka2/StaticBody3D"]
transform = Transform3D(0.9999691, 1.110223e-16, -3.9767474e-07, 0, 1, 0, 1.937151e-07, -9.947598e-14, 0.99999833, -1.8243895, 0, -1.7158637)
shape = SubResource("BoxShape3D_hwiky")

[node name="CollisionShape3D14" type="CollisionShape3D" parent="zastávka2/StaticBody3D"]
transform = Transform3D(0.99996924, 1.6653345e-16, -3.9767474e-07, 0, 1, 0, 1.937151e-07, -9.947598e-14, 0.99999833, -0.92226696, 0, -1.6992607)
shape = SubResource("BoxShape3D_hwiky")

[node name="CollisionShape3D15" type="CollisionShape3D" parent="zastávka2/StaticBody3D"]
transform = Transform3D(0.9999693, 2.220446e-16, -3.9767474e-07, 0, 1, 0, 1.937151e-07, -9.947598e-14, 0.99999833, 1.6368809, 0, -1.6521602)
shape = SubResource("BoxShape3D_hwiky")

[node name="CollisionShape3D16" type="CollisionShape3D" parent="zastávka2/StaticBody3D"]
transform = Transform3D(-0.044155248, -0.99886787, -0.017501771, 0.7836007, -0.045497797, 0.61956507, -0.6196298, 0.013643146, 0.784732, 1.4018698, 0.94871855, 12.188343)
shape = SubResource("BoxShape3D_hwiky")

[node name="CollisionShape3D17" type="CollisionShape3D" parent="zastávka2/StaticBody3D"]
transform = Transform3D(0.99994504, 0.0039250865, -0.009710653, -0.010006138, 0.631937, -0.7749556, 0.003094892, 0.77501005, 0.63191986, -0.12999249, 0.75999904, -1.6992526)
shape = SubResource("BoxShape3D_aj1oh")

[node name="CollisionShape3D18" type="CollisionShape3D" parent="zastávka2/StaticBody3D"]
transform = Transform3D(0.9999913, 0.0037425463, 0.0006925687, 0.0028136536, -0.60436165, -0.79668427, -0.0025628936, 0.79670143, -0.60437185, 0.116057396, 0.7600994, 1.7196064)
shape = SubResource("BoxShape3D_aj1oh")

[node name="CollisionShape3D19" type="CollisionShape3D" parent="zastávka2/StaticBody3D"]
transform = Transform3D(0.9999761, 1.110223e-16, -3.1851232e-07, 0, 1, 0, 1.527369e-07, -3.907985e-14, 0.99999934, 0.10798836, 1.0047314, 1.2190199)
shape = SubResource("BoxShape3D_r34np")

[node name="CollisionShape3D20" type="CollisionShape3D" parent="zastávka2/StaticBody3D"]
transform = Transform3D(0.99997133, 1.110223e-16, -3.8277358e-07, 0, 1, 0, 1.7508864e-07, -3.907985e-14, 0.99999934, -0.11694908, 1.0047314, -1.3242655)
shape = SubResource("BoxShape3D_r34np")

[node name="Root Scene10" parent="zastávka2" instance=ExtResource("13_1colc")]
transform = Transform3D(-0.3651045, -8.919007e-11, 0.0017893227, 0, 0.21596675, 0, -0.006719663, 1.2317732e-08, -0.21263865, -0.21633816, -0.5303433, -1.8425331)

[node name="Root Scene11" parent="zastávka2" instance=ExtResource("2_y5hus")]
transform = Transform3D(-0.40121543, -1.676215e-10, 0.0017893227, 0, 0.40588215, 0, -0.0073842737, 2.3149623e-08, -0.21263868, -1.3875446, -0.50689507, -1.8662362)

[node name="Root Scene11" parent="." instance=ExtResource("10_da165")]
transform = Transform3D(-0.2530505, 0, -0.005642645, -0.00043581025, 0.24607722, 0.014817127, 0.0064658443, 0.016586019, -0.2198336, 81.289406, 7.837123, 22.515818)

[node name="Root Scene12" parent="." instance=ExtResource("2_y5hus")]
transform = Transform3D(3.4743006, 0, 0, 0, 3.1210809, -0.06724906, 0, 0.21036598, 0.9977362, 73.96961, 11.360196, -23.954044)

[node name="Root Scene13" parent="." instance=ExtResource("2_y5hus")]
transform = Transform3D(3.7032557, 0, 0, 0, 3.0975547, -0.06724906, 0, 0.20878027, 0.9977362, 93.73944, 8.208684, 22.80308)

[node name="Root Scene14" parent="." instance=ExtResource("2_y5hus")]
transform = Transform3D(3.2247496, 0, 0, 0, 3.0059614, -0.08395793, 0, 0.20260677, 1.2456367, 76.00785, 8.195542, 22.99812)

[node name="rytir" parent="." node_paths=PackedStringArray("player") instance=ExtResource("14_hwiky")]
transform = Transform3D(1, 0, 0, 0, 1, 0, 0, 0, 1, 0, 4.4522305, -9.879415)
player = NodePath("../main Character")

[node name="rytir2" parent="." node_paths=PackedStringArray("player") instance=ExtResource("14_hwiky")]
transform = Transform3D(1, 0, 0, 0, 1, 0, 0, 0, 1, 19.202162, 9.183607, -7.8759966)
player = NodePath("../main Character")

[node name="rytir3" parent="." node_paths=PackedStringArray("player") instance=ExtResource("14_hwiky")]
transform = Transform3D(1, 0, 0, 0, 1, 0, 0, 0, 1, -40.3545, 4.0114083, -3.3391848)
player = NodePath("../main Character")

[node name="rytir4" parent="." node_paths=PackedStringArray("player") instance=ExtResource("14_hwiky")]
transform = Transform3D(1, 0, 0, 0, 1, 0, 0, 0, 1, 17.422588, 6.4575825, 13.6841135)
player = NodePath("../main Character")

[node name="Spawner" parent="." node_paths=PackedStringArray("player") instance=ExtResource("15_mhwaj")]
transform = Transform3D(1, 0, 0, 0, 1, 0, 0, 0, 1, 4.921422, 2.0495663, 0.13814414)
enemy_scene = ExtResource("14_hwiky")
player = NodePath("../main Character")

[node name="rytir5" parent="." node_paths=PackedStringArray("player") instance=ExtResource("14_hwiky")]
transform = Transform3D(1, 0, 0, 0, 1, 0, 0, 0, 1, 88.04692, 9.751488, -0.71817136)
player = NodePath("../main Character")

[node name="Spawner2" parent="." node_paths=PackedStringArray("player") instance=ExtResource("15_mhwaj")]
transform = Transform3D(1, 0, 0, 0, 1, 0, 0, 0, 1, 19.390041, 18.16536, 10.333424)
enemy_scene = ExtResource("14_hwiky")
player = NodePath("../main Character")

[node name="Spawner3" parent="." node_paths=PackedStringArray("player") instance=ExtResource("15_mhwaj")]
transform = Transform3D(1, 0, 0, 0, 1, 0, 0, 0, 1, 62.303295, 20.126413, -18.761606)
enemy_scene = ExtResource("14_hwiky")
player = NodePath("../main Character")

[node name="Spawner4" parent="." node_paths=PackedStringArray("player") instance=ExtResource("15_mhwaj")]
transform = Transform3D(1, 0, 0, 0, 1, 0, 0, 0, 1, 72.046394, 5.0715876, 7.5273466)
enemy_scene = ExtResource("14_hwiky")
player = NodePath("../main Character")

[node name="Spawner5" parent="." node_paths=PackedStringArray("player") instance=ExtResource("15_mhwaj")]
transform = Transform3D(1, 0, 0, 0, 1, 0, 0, 0, 1, 37.05657, 1.4112483, -42.19245)
enemy_scene = ExtResource("14_hwiky")
player = NodePath("../main Character")

[node name="Spawner6" parent="." node_paths=PackedStringArray("player") instance=ExtResource("15_mhwaj")]
transform = Transform3D(1, 0, 0, 0, 1, 0, 0, 0, 1, 61.0475, -4.184487, 40.828304)
enemy_scene = ExtResource("14_hwiky")
player = NodePath("../main Character")

[node name="sip" parent="." instance=ExtResource("17_3iev3")]
